height_over_sea_level	fall	net	flow	power_of_hydroelectrical_turbine
1.0936187641843342	1.1179361334307023	1.1993693411604167	-1.3580481055333675	-0.9683169228668373
1.454358981882001	1.4901970067542627	1.5606954498696497	-1.3580481055333675	-0.9176454408306903
-0.8904524331528326	-0.866214321383873	-0.9098718184297305	0.3245884208280304	-0.08551599140201063
-1.1610075964260826	-1.145409976376543	-1.180866399961656	0.3245884208280304	-0.24845902047003784
1.6347290907308345	1.6325867908005245	1.5403708562547558	1.1659066840087293	2.0038219273951774
0.7328785464866676	0.7205476511578023	0.7386785525561451	0.04414899976779741	0.47487031416098335
-0.9806374875772493	-0.9546262787982188	-0.9776204638127117	0.04414899976779741	-0.33298768108686394
0.9132486553355009	1.0295241760163565	1.0340626464259428	-1.6384875265936005	-1.313903001788865
-1.1610075964260826	-1.1314501936269103	-1.1131177545786741	-0.5167298423526686	-0.8326096368216219
-0.07878694333308253	-0.11703931382020827	-0.07430519203962915	0.04414899976779741	0.1277985193856259
-1.882488031821416	-1.880625201190575	-1.857901196155581	-0.2362904212924356	-0.973074070743363
-1.882488031821416	-1.8759719402740302	-1.8357699719971408	-0.5167298423526686	-1.1401742470548408
-1.2511926508504994	-1.2291686728743447	-1.2255805059144234	-0.2362904212924356	-0.6696951792123126
0.5525084376378342	0.5483769972456561	0.6212475672256433	-0.7971692634129016	-0.4797306930618575
-0.2591570521819159	-0.3031697504819884	-0.25496824639424565	0.04414899976779741	0.04724129153058435
-0.3493421066063326	-0.4055414906459669	-0.3927238253396413	0.6050278418882634	0.449841716324127
-0.2591570521819159	-0.18032366228521415	-0.14024720687906453	-1.6384875265936005	-1.5109317811073142
0.19176821994016752	0.17611612392209594	0.25992145851641035	-0.7971692634129016	-0.5844879464509372
1.454358981882001	1.4557628759718342	1.4139067182065237	0.6050278418882634	1.3690712576542405
-0.3493421066063326	-0.39158170789633423	-0.32226523414134073	-0.2362904212924356	-0.23946615383858766
1.183803818608751	1.1672606991460743	1.0887132203682146	1.1659066840087293	1.7500288024689947
-0.800267378728416	-0.7489521462869523	-0.7170140079061782	-1.0776086844731345	-1.1485028272711006
-0.07878694333308253	-0.12169257473675252	-0.09688807383395621	0.3245884208280304	0.37020591801273617
0.7328785464866676	0.701934607491624	0.6370555844816733	1.1659066840087293	1.4874713825811048
1.454358981882001	1.4604161368883783	1.438747888180284	0.3245884208280304	1.073192374036632
0.46232338321341754	0.466479605114472	0.5670486509192589	-1.3580481055333675	-1.0897599081471547
-1.341377705274916	-1.3129273693721457	-1.2757145034978292	-0.7971692634129016	-1.109002785593642
1.2739888730331677	1.2789389611431425	1.2806677156199946	0.04414899976779741	0.6930634015246963
-1.5217478141237495	-1.5176708497001032	-1.542192508670889	0.3245884208280304	-0.45636638269531715
1.3641739274575844	1.3915478753235189	1.45094264434922	-1.0776086844731345	-0.5961165301491115
-1.2511926508504994	-1.2431284556239781	-1.2960390971127238	0.6050278418882634	-0.14593034086095213
1.183803818608751	1.3087198310090267	1.3050572279578676	-1.6384875265936005	-1.2852029715067619
0.9132486553355009	0.8927183050699483	0.8448180969894821	0.8854672629484964	1.3619498215688113
1.6347290907308345	1.6465465735501585	1.6194109425349006	0.3245884208280304	1.144828163907018
0.011398111091334146	-0.03793387823895226	-0.05849717478360047	0.8854672629484964	0.8525207126291435
0.28195327436458417	0.2412617767537179	0.2124974067483243	0.8854672629484964	1.0127851674423702
-0.3493421066063326	-0.2733888806161042	-0.2305787340563728	-1.6384875265936005	-1.5281675135788708
1.0034337097599177	0.9857835234008384	0.9351496241667903	0.8854672629484964	1.4108784446231681
-1.1610075964260826	-1.140756715459999	-1.1582835181673288	0.04414899976779741	-0.4319163568974977
-1.4315627596993328	-1.429258892285758	-1.4767021514673402	0.6050278418882634	-0.2550875988925844
-0.07878694333308253	-0.09191170487086833	0.02505948785540941	-1.3580481055333675	-1.208331461826326
1.0936187641843342	1.1123522203308487	1.1799480628172951	-1.0776086844731345	-0.6513951599035154
-1.882488031821416	-1.8945849839402085	-1.9283597873538816	0.6050278418882634	-0.6804523334195917
1.183803818608751	1.1719139600626185	1.1158126785214069	0.8854672629484964	1.505157115527468
0.011398111091334146	-0.0332806173224067	-0.03139771663040825	0.6050278418882634	0.6431347774152142
-1.702117922972583	-1.7084545472784283	-1.747696732999265	0.6050278418882634	-0.4466163724078431
-0.8904524331528326	-0.8615610604673287	-0.8872889366354034	0.04414899976779741	-0.28115191210796353
-0.9806374875772493	-0.9350825829487325	-0.8976770622607947	-1.0776086844731345	-1.204367171929221
-1.702117922972583	-1.7038012863618834	-1.7228555630255054	0.3245884208280304	-0.565473640674193
0.10158316551575083	0.07839764467466032	0.15152362590364146	-0.5167298423526686	-0.3273733894488019
-1.6119328685481662	-1.592123024364816	-1.546709085029754	-0.7971692634129016	-1.199374309518273
-0.8904524331528326	-0.8364334515179888	-0.7879242567403648	-1.3580481055333675	-1.4089031020257914
0.10158316551575083	0.09421873179091178	0.20572254221002592	-1.3580481055333675	-1.1685242769676498
-0.529712215455166	-0.6009784491408369	-0.6275857960006422	1.1659066840087293	0.6079775974628717
1.454358981882001	1.484613093654409	1.5412741715265281	-1.0776086844731345	-0.5798022272212061
1.454358981882001	1.474375919638011	1.5064965335632652	-0.5167298423526686	0.09616991458494113
0.10158316551575083	0.041171557342305085	-0.05849717478360047	1.7267855261291953	1.3429569443861054
-0.9806374875772493	-0.973239322464397	-1.0792434318871835	1.1659066840087293	0.29830584214920997
-0.4395271610307493	-0.47999366531068	-0.39046553716020804	-0.5167298423526686	-0.5282450299648052
-1.4315627596993328	-1.4059925877030357	-1.3660460306751376	-0.7971692634129016	-1.1444813944565602
-1.1610075964260826	-1.1212130196105126	-1.0783401166154112	-1.0776086844731345	-1.263931520491306
-1.7923029773969994	-1.7968665046927734	-1.8131870902028138	0.3245884208280304	-0.623895130887563
-0.2591570521819159	-0.33108931598125513	-0.4198232834928335	1.7267855261291953	1.0089208776507774
-0.529712215455166	-0.5628217096251722	-0.44601942637425346	-1.0776086844731345	-1.0667741696086261
-0.3493421066063326	-0.4101947515625125	-0.4198232834928335	0.8854672629484964	0.6083418835615249
-1.882488031821416	-1.8852784621071192	-1.8809357355857947	0.04414899976779741	-0.819088193983389
-0.6198972698795826	-0.6009784491408369	-0.7179173231779504	1.1659066840087293	0.5506275369514221
-1.882488031821416	-1.8657347662576322	-1.8009923340338772	-1.0776086844731345	-1.5011246279024044
-0.16897199775749921	-0.2054512712345541	-0.1416021797867242	-0.2362904212924356	-0.16335178781417484
0.6426934920622509	0.7503285210236864	0.763068064894018	-1.6384875265936005	-1.3510958981748555
0.011398111091334146	-0.014667573656229742	0.06119209872633322	-0.5167298423526686	-0.35953056623576746
1.3641739274575844	1.3673509185574884	1.3484163610029758	0.3245884208280304	1.0345209046619912
-0.07878694333308253	-0.09749561797072194	0.005638209512287826	-1.0776086844731345	-0.9391026063278126
0.46232338321341754	0.4608956920146184	0.5476273725761374	-1.0776086844731345	-0.7993738874680569
0.6426934920622509	0.6526100417762521	0.7477117052738754	-1.3580481055333675	-1.0526241546785997
1.183803818608751	1.1579541773129858	1.0254811513440987	1.7267855261291953	2.105743463506508
0.9132486553355009	0.9318056967689223	1.0187062868058	-1.3580481055333675	-0.9984740975435518
-0.800267378728416	-0.7684958421364386	-0.7969574094580951	0.04414899976779741	-0.23076614465899525
1.0034337097599177	0.9718237406512057	0.8448180969894821	1.7267855261291953	1.981664761159467
0.9132486553355009	0.9113313487361265	0.9423761463409748	-0.2362904212924356	0.24686293072768073
-1.070822542001666	-1.0281478012796226	-0.988008589438103	-1.0776086844731345	-1.2334886312274125
1.3641739274575844	1.3720041794740325	1.3709992427973028	0.04414899976779741	0.7234920050592307
-0.16897199775749921	-0.190560836301612	-0.08469331766502043	-1.0776086844731345	-0.9636812036898624
-0.6198972698795826	-0.5730588836415701	-0.5711285915148245	-0.5167298423526686	-0.6024022510670433
0.7328785464866676	0.7065878684081682	0.6641550426348656	0.8854672629484964	1.2628782884645884
1.5445440363064178	1.5534813552192686	1.5290794153575924	0.3245884208280304	1.1088638402458957
-0.07878694333308253	-0.11238605290366403	-0.05127065260941596	-0.2362904212924356	-0.12810889348567925
0.9132486553355009	0.9066780878195824	0.9193416069107616	0.04414899976779741	0.5505918226280246
1.183803818608751	1.1858737428122526	1.1903361884426864	0.04414899976779741	0.6578919358429952
-1.341377705274916	-1.336193673954868	-1.386370624290032	0.6050278418882634	-0.20040896977125566
-1.070822542001666	-1.0663045407952871	-1.1695749590644924	1.1659066840087293	0.23234148683432204
-1.1610075964260826	-1.115629106510659	-1.0589188382722896	-1.3580481055333675	-1.4842531815295008
0.28195327436458417	0.22730199400408518	0.12216587957101603	1.7267855261291953	1.4687785057149365
-1.4315627596993328	-1.415299109536125	-1.4062435602690397	-0.2362904212924356	-0.7538952680538832
0.011398111091334146	0.0011535134600217268	0.11539101503271766	-1.3580481055333675	-1.1874100111801638
0.6426934920622509	0.6274824328269122	0.6483470253788368	0.04414899976779741	0.43768456063967187
-0.3493421066063326	-0.3711073598635385	-0.24593509367651534	-1.3580481055333675	-1.2728386727466026
-1.2511926508504994	-1.2524349774570671	-1.3502380134191088	1.1659066840087293	0.04634843344565084
0.8230636009110843	0.7903465649059698	0.6957710771469229	1.4463461050689623	1.713793049950053
1.3641739274575844	1.3859639622236666	1.4342313118214176	-0.7971692634129016	-0.2654304669484543
-1.5217478141237495	-1.508364327867015	-1.496575087446348	-0.2362904212924356	-0.7958810266397968
1.0034337097599177	1.0137030889001064	1.0729052031121846	-0.7971692634129016	-0.3586162795567957
1.2739888730331677	1.2510193956438758	1.1158126785214069	1.7267855261291953	2.1792292553288766
0.6426934920622509	0.6470261286763985	0.7282904269307539	-1.0776086844731345	-0.7301309572652926
-0.16897199775749921	-0.18497692320175838	-0.06527203932189884	-1.3580481055333675	-1.2292243410137702
0.9132486553355009	0.9159846096526708	0.9645073704994157	-0.5167298423526686	-0.0658445420747554
-0.07878694333308253	-0.10307953107057424	-0.011073123015514406	-0.7971692634129016	-0.66623803270745
-0.6198972698795826	-0.5572377965253186	-0.5169296752084401	-1.3580481055333675	-1.338360170451364
-1.1610075964260826	-1.154716498209633	-1.2328070280886076	0.8854672629484964	0.05776273120344094
1.0936187641843342	1.0881552635648182	1.077421779471051	0.3245884208280304	0.9189922113362737
0.28195327436458417	0.2645280813364404	0.332186680258258	-0.5167298423526686	-0.2686090417308175
-0.2591570521819159	-0.29851648956544413	-0.23193370696403245	-0.2362904212924356	-0.202137543023687
1.0034337097599177	1.0248709150998123	1.1090378139831085	-1.3580481055333675	-0.9832526529116051
1.183803818608751	1.1951802646453409	1.2355019520313406	-0.5167298423526686	0.015855544129001295
0.28195327436458417	0.2598748204198962	0.31005545609981705	-0.2362904212924356	0.013576970296250917
0.5525084376378342	0.5064976489967553	0.3931604611029408	1.7267855261291953	1.6512001267638736
-0.07878694333308253	-0.13565235748638654	-0.17592816011410095	1.1659066840087293	0.9418850926339692
-1.2511926508504994	-1.233821933790889	-1.2486150453446372	0.04414899976779741	-0.4801878364013434
-1.6119328685481662	-1.6107360680309935	-1.6325240358481972	0.3245884208280304	-0.5089235810068438
0.7328785464866676	0.7456752601071421	0.8380432324511837	-1.3580481055333675	-1.0317169897617964
-0.07878694333308253	-0.1077327919871198	-0.02913942845097503	-0.5167298423526686	-0.39093059936670943
1.2739888730331677	1.2742857002265984	1.2580848338256676	0.3245884208280304	0.9962208642506831
-1.6119328685481662	-1.59677628528136	-1.564775390465216	-0.5167298423526686	-1.0217384078045797
0.6426934920622509	0.6367889546600006	0.693512788967491	-0.5167298423526686	-0.15087320321914413
-1.341377705274916	-1.3017595431724391	-1.2395818926269062	-1.3580481055333675	-1.5361460934258369
-0.16897199775749921	-0.20079801031800984	-0.11947095562828328	-0.5167298423526686	-0.4237663482982247
-1.070822542001666	-1.022563888179769	-0.9685873110949814	-1.3580481055333675	-1.4591102978577728
0.8230636009110843	0.8331565653381786	0.9089534812853703	-1.0776086844731345	-0.7112595087821378
-1.1610075964260826	-1.1361034545434547	-1.135248978737115	-0.2362904212924356	-0.6272665630162718
1.2739888730331677	1.2928987438927766	1.3438997846441094	-0.7971692634129016	-0.28852334845717476
-1.070822542001666	-1.0337317143794749	-1.004719921965905	-0.7971692634129016	-1.0107526819275574
-0.7100823243039993	-0.6503030148562087	-0.6072612023857483	-1.3580481055333675	-1.3611673373729059
0.19176821994016752	0.1435432975062836	0.09506642141782382	1.1659066840087293	1.1357567257640937
-0.529712215455166	-0.5777121445581143	-0.5029282884959573	-0.2362904212924356	-0.31893052339767075
-0.9806374875772493	-0.9499730178816745	-0.9545859243824985	-0.2362904212924356	-0.5384378978624063
1.183803818608751	1.2110013517615925	1.289700868337725	-1.3580481055333675	-0.9508811901842554
0.46232338321341754	0.42739221341549805	0.3931604611029408	0.8854672629484964	1.1130852732714618
0.6426934920622509	0.6088693891607339	0.5467240573043651	1.1659066840087293	1.4280498913126094
0.28195327436458417	0.23660851583717368	0.18539794859513206	1.1659066840087293	1.1975853624295696
-1.341377705274916	-1.3222338912052347	-1.3159120330917315	-0.2362904212924356	-0.7122880812959812
-0.529712215455166	-0.591671927307747	-0.5733868796942577	0.6050278418882634	0.3324630210464264
0.6426934920622509	0.6135226500772781	0.5738235154575573	0.8854672629484964	1.2127496641440807
-1.341377705274916	-1.3408469348714123	-1.4134700824432243	0.8854672629484964	-0.07538740928652493
0.3721383287890009	0.37341438678358196	0.4767171237419507	-1.3580481055333675	-1.1085670708481943
0.19176821994016752	0.17146286300555036	0.24185515308094974	-0.5167298423526686	-0.2978447868638805
1.5445440363064178	1.5488280943027242	1.504238245383832	0.6050278418882634	1.4094427288225948
0.7328785464866676	0.6926280856585355	0.5738235154575573	1.7267855261291953	1.7766431162646932
-0.8904524331528326	-0.880174104133507	-0.9889119047098752	1.1659066840087293	0.3651916270077499
-0.4395271610307493	-0.4893001871437685	-0.4356313007488622	0.04414899976779741	-0.0354373671342594
-0.9806374875772493	-0.9406664960485848	-0.9143883947885969	-0.7971692634129016	-0.9784312192529642
1.0034337097599177	1.009049827983561	1.054838897676724	-0.5167298423526686	-0.039144513902903404
0.9132486553355009	0.8787585223203156	0.7544865698121738	1.7267855261291953	1.9133289747709952
1.3641739274575844	1.3580443967243985	1.2964757328760232	0.8854672629484964	1.5988786429867694
0.3721383287890009	0.36783047368372834	0.4572958453988291	-1.0776086844731345	-0.821423910733575
1.6347290907308345	1.6605063562997913	1.6871595879178818	-0.5167298423526686	0.17814857251119667
1.0034337097599177	1.0043965670670167	1.032707673518283	-0.2362904212924356	0.2800986800812458
0.28195327436458417	0.23195525492062943	0.1537819140830734	1.4463461050689623	1.325864069208138
-0.2591570521819159	-0.31247627231507685	-0.302392298162333	0.6050278418882634	0.4995846259519427
0.8230636009110843	0.8387404784380322	0.9283747596284919	-1.3580481055333675	-1.0163026877835042
-0.4395271610307493	-0.36645409894699427	-0.32091026123368105	-1.6384875265936005	-1.5456461034495297
-0.529712215455166	-0.5823654054746585	-0.5259628279261704	0.04414899976779741	-0.08015170002772991
1.5445440363064178	1.5441748333861787	1.4771387872306398	0.8854672629484964	1.6906073112004993
-1.7923029773969994	-1.7726695479267423	-1.710660806856569	-1.0776086844731345	-1.471610311046842
0.6426934920622509	0.6414422155765462	0.7115790944029516	-0.7971692634129016	-0.45417352323872034
-0.7100823243039993	-0.6847371456386371	-0.7540499340488743	0.6050278418882634	0.20212002637549203
0.10158316551575083	0.07374438375811608	0.12939240174520053	-0.2362904212924356	-0.05729453305343185
0.28195327436458417	0.3780676477001262	0.401741956184785	-1.6384875265936005	-1.3944888011026246
0.3721383287890009	0.3389802560011535	0.32992839207882474	0.6050278418882634	0.8357349806323934
-0.7100823243039993	-0.6661241019724601	-0.6614601186921328	-0.5167298423526686	-0.6406165771021978
-1.341377705274916	-1.307343456272292	-1.2590031709700278	-1.0776086844731345	-1.3202530084889121
-1.6119328685481662	-1.606082807114449	-1.6099411540538702	0.04414899976779741	-0.6687308924805845
0.9132486553355009	0.8834117832368599	0.7861026043242312	1.4463461050689623	1.773878827633739
-0.7100823243039993	-0.6707773628890044	-0.6835913428505738	-0.2362904212924356	-0.4044520422049425
0.46232338321341754	0.4553117789147661	0.5309160400483351	-0.7971692634129016	-0.5058164348712751
1.2739888730331677	1.2649791783935085	1.206144205698715	0.8854672629484964	1.5600928877772573
1.2739888730331677	1.269632439310054	1.2332436638519073	0.6050278418882634	1.2863068846132433
1.3641739274575844	1.344084613974766	1.206144205698715	1.7267855261291953	2.2398364621341638
0.19176821994016752	0.1621563411724619	0.1966893894922956	0.04414899976779741	0.2455557864913381
-1.702117922972583	-1.6944947645287949	-1.6772381418009645	-0.2362904212924356	-0.8823454035847588
1.0034337097599177	0.9764770015677499	0.8764341315015395	1.4463461050689623	1.8316503171612775
0.5525084376378342	0.5539609103455084	0.6379588997534456	-1.0776086844731345	-0.7767667207575402
-0.4395271610307493	-0.4846469262272243	-0.412596761318649	-0.2362904212924356	-0.2777947657086136
1.0034337097599177	0.9950900452339282	0.9870902522937428	0.3245884208280304	0.8789135976197782
1.6347290907308345	1.6763274434160427	1.7413585042242663	-1.3580481055333675	-0.8957525605881204
1.6347290907308345	1.6418933126336144	1.5945697725611403	0.6050278418882634	1.4506213436997284
-0.800267378728416	-0.7731491030529829	-0.8195402912524222	0.3245884208280304	-0.0291945034044044
1.454358981882001	1.4464563541387443	1.3597078019001394	1.1659066840087293	1.9034289643252527
-1.2511926508504994	-1.2477817165405223	-1.323138555265916	0.8854672629484964	-0.005608764232800605
0.7328785464866676	0.6972813465750797	0.6054395499696147	1.4463461050689623	1.6514572698923342
-1.5217478141237495	-1.4990578060339257	-1.4577325307601054	-0.7971692634129016	-1.1805528610878744
0.011398111091334146	-0.05189366098858497	-0.14882870196090872	1.7267855261291953	1.26957115266925
1.6347290907308345	1.6651596172163368	1.7052258933533424	-0.7971692634129016	-0.16965179446146586
0.19176821994016752	0.15284981933937342	0.14926533772420825	0.6050278418882634	0.7388848784434847
0.5525084376378342	0.5158041708298439	0.45639253012705683	1.1659066840087293	1.3732784049504476
-0.3493421066063326	-0.38692844697978995	-0.3001340099828998	-0.5167298423526686	-0.4926307066729769
-0.16897199775749921	-0.23337083673382084	-0.29787572180346783	1.4463461050689623	0.999285153198175
0.10158316551575083	0.06909112284157183	0.10635786231498735	0.04414899976779741	0.20637717372445508
-0.07878694333308253	-0.13099909656984232	-0.14882870196090872	0.8854672629484964	0.7943635084089139
-0.529712215455166	-0.5730588836415701	-0.4807970643375163	-0.5167298423526686	-0.5634950671579804
1.3641739274575844	1.3487378748913101	1.2377602402107724	1.4463461050689623	2.063186275746237
1.0936187641843342	1.06954221989864	0.9667656586788477	1.4463461050689623	1.889964664404455
-0.16897199775749921	-0.21475779306764256	-0.18721960101126447	0.3245884208280304	0.3253915850137532
1.0936187641843342	1.0928085244813623	1.1000046612653782	0.04414899976779741	0.6219490407759117
-0.529712215455166	-0.605631710057381	-0.6592018305127009	1.4463461050689623	0.16208426984707297
0.46232338321341754	0.44135199616513204	0.4676839710242204	0.04414899976779741	0.3615487660212209
-0.9806374875772493	-0.9778925833809413	-1.1108594663992422	1.4463461050689623	0.26864866800005854
-0.8904524331528326	-0.8848273650500512	-1.020527939221934	1.4463461050689623	0.40666309933674155
-1.6119328685481662	-1.6153893289475383	-1.6573652058219568	0.6050278418882634	-0.3798091590607774
0.28195327436458417	0.269181342252986	0.3502529856937186	-0.7971692634129016	-0.558073632866264
-1.070822542001666	-1.061651279878743	-1.1424755009112995	0.8854672629484964	0.1149270772332243
0.011398111091334146	-0.010014312739684181	0.07925840416179385	-0.7971692634129016	-0.6397880047993796
-0.6198972698795826	-0.5684056227250245	-0.5530622860793639	-0.7971692634129016	-0.8458025078845998
1.0936187641843342	1.0974617853979067	1.1230392006955914	-0.2362904212924356	0.3113701416479572
0.9132486553355009	0.9262217836690687	0.9992850084626786	-1.0776086844731345	-0.69162377377828
-0.16897199775749921	-0.22406431490073236	-0.23916022913821697	0.8854672629484964	0.7424848822419367
-1.070822542001666	-1.052344758045653	-1.090534872784347	0.3245884208280304	-0.19583753637639598
0.3721383287890009	0.47113286603101623	0.4920734833620932	-1.6384875265936005	-1.3925887990978862
1.454358981882001	1.4790291805545568	1.5245628389987258	-0.7971692634129016	-0.24413044447428017
-0.2591570521819159	-0.3171295332316224	-0.32949175631552524	0.8854672629484964	0.6738348098075679
0.8230636009110843	0.794999825822514	0.7273871116589816	1.1659066840087293	1.5383500076929566
0.3721383287890009	0.348286777834242	0.37735244384691213	0.04414899976779741	0.32330586852734844
-0.3493421066063326	-0.3766912729633921	-0.2653563720196369	-1.0776086844731345	-1.014559828801714
-1.2511926508504994	-1.2142782379414025	-1.1686716437927194	-1.0776086844731345	-1.2909886918971312
1.0936187641843342	1.0648889589820958	0.9351496241667903	1.7267855261291953	2.050307690729156
1.5445440363064178	1.5674411379689013	1.5968280607405736	-0.5167298423526686	0.11949851062808398
0.8230636009110843	0.8182661304052365	0.8520446191636666	-0.2362904212924356	0.21447718227097207
0.5525084376378342	0.5437237363291106	0.6031812617901827	-0.5167298423526686	-0.17765180290247007
-0.3493421066063326	-0.39623496881287845	-0.3452997735715539	0.04414899976779741	0.006741248797999788
-1.7923029773969994	-1.7782534610265959	-1.7273721393843706	-0.7971692634129016	-1.28227439698818
-1.070822542001666	-1.047691497129109	-1.06795199099002	0.04414899976779741	-0.3833234484830758
-1.4315627596993328	-1.400408674603182	-1.349334698147336	-1.0776086844731345	-1.3500744685256916
0.9132486553355009	0.888065044153404	0.8177186388362898	1.1659066840087293	1.5920000643004415
-1.2511926508504994	-1.2245154119578	-1.203449281755983	-0.5167298423526686	-0.8700596763360736
-0.07878694333308253	0.005806774376565965	0.040415847475551964	-1.6384875265936005	-1.4760174585540737
0.10158316551575083	0.05978460100848336	0.0589338105469	0.6050278418882634	0.6907919705566258
0.19176821994016752	0.13423677567319514	0.031834352393707785	1.7267855261291953	1.4059927251824118
0.46232338321341754	0.45065851799822054	0.5128497346128745	-0.5167298423526686	-0.20703754819380224
-0.3493421066063326	-0.4008882297294227	-0.367882655365881	0.3245884208280304	0.2353914900524546
-0.800267378728416	-0.787108885802617	-0.8985803775325669	1.1659066840087293	0.43239884077686574
1.2739888730331677	1.2984826569926289	1.3606111171719115	-1.0776086844731345	-0.6149808357675867
-1.2511926508504994	-1.208694324841549	-1.1492503654495978	-1.3580481055333675	-1.5112603528825697
0.28195327436458417	0.2459150376702635	0.23959686490151652	0.6050278418882634	0.7870777864358558
-0.800267378728416	-0.7433682331870988	-0.6975927295630566	-1.3580481055333675	-1.3858030776523913
1.3641739274575844	1.381310701307121	1.416165006385957	-0.5167298423526686	0.06959131511264015
0.6426934920622509	0.5995628673276454	0.48349198828024903	1.7267855261291953	1.7168001959801091
-0.4395271610307493	-0.47534040439413444	-0.3723992317247474	-0.7971692634129016	-0.7855238728545679
0.5525084376378342	0.559544823445362	0.6573801780965671	-1.3580481055333675	-1.0713456030034858
1.6347290907308345	1.6279335298839803	1.5087548217426971	1.4463461050689623	2.2269793057111213
0.7328785464866676	0.7345074339074362	0.8019106215802598	-0.7971692634129016	-0.4079306173038437
-1.5217478141237495	-1.5269773715331925	-1.5941331367978409	0.8854672629484964	-0.2506518799266347
-0.4395271610307493	-0.5032599698934025	-0.5101548106701417	0.8854672629484964	0.5806418543345475
-0.4395271610307493	-0.5172197526430352	-0.60048633784745	1.7267855261291953	0.8403064140272527
1.3641739274575844	1.3971317884233725	1.4703639226923415	-1.3580481055333675	-0.9305097401184123
-1.5217478141237495	-1.513017588783559	-1.5196096268765618	0.04414899976779741	-0.6220308432062217
-0.9806374875772493	-0.9453197569651303	-0.9324547002240575	-0.5167298423526686	-0.7454381162733927
-1.882488031821416	-1.8871397664737375	-1.903518617380122	0.3245884208280304	-0.6900666292781558
1.3641739274575844	1.3533911358078543	1.2693762747228312	1.1659066840087293	1.8514789095114812
1.2739888730331677	1.2603259174769643	1.1790447475455228	1.1659066840087293	1.8010002848216797
-0.16897199775749921	-0.2287175758172766	-0.2662596872914092	1.1659066840087293	0.8737850207799198
-1.1610075964260826	-1.1267969327103649	-1.0950514491432135	-0.7971692634129016	-1.0448598607720179
-1.2511926508504994	-1.2384751947074333	-1.2711979271389642	0.3245884208280304	-0.3014876478504095
-1.070822542001666	-1.0430382362125645	-1.0449174515598068	-0.2362904212924356	-0.5840593745701691
1.183803818608751	1.1812204818957082	1.1677533066483594	0.3245884208280304	0.9570493943484798
-0.6198972698795826	-0.591671927307747	-0.663718406871566	0.6050278418882634	0.26632009411455176
0.10158316551575083	0.0551313400919378	0.031834352393707785	0.8854672629484964	0.9060636262664361
-0.6198972698795826	-0.5963251882242926	-0.6908178650247583	0.8854672629484964	0.4118559619587152
-0.2591570521819159	-0.3217827941481667	-0.35659121446871744	1.1659066840087293	0.800656372191525
1.454358981882001	1.4511096150552887	1.3868072600533317	0.8854672629484964	1.6450144059514544
-0.16897199775749921	-0.23802409765036509	-0.32949175631552524	1.7267855261291953	1.104256692527639
1.6347290907308345	1.774045922663477	1.7567148638444088	-1.6384875265936005	-1.2548315108896635
-0.9806374875772493	-0.9685860615478528	-1.0521439737339913	0.8854672629484964	0.1731199957768511
1.6347290907308345	1.6511998344667027	1.6419938243292276	0.04414899976779741	0.8206206789706383
0.011398111091334146	-0.01932083457277398	0.03906087456789229	-0.2362904212924356	-0.09284457056314478
-0.4395271610307493	-0.46975649129428215	-0.3556878991969452	-1.0776086844731345	-1.039245569133956
0.011398111091334146	-0.04724040007204073	-0.11721266744885135	1.4463461050689623	1.1202781380036861
-0.7100823243039993	-0.6893904065551827	-0.7811493922020665	0.8854672629484964	0.3481630376118977
-0.529712215455166	-0.5572377965253186	-0.42659814803113183	-1.3580481055333675	-1.3171315766239846
-1.4315627596993328	-1.4246056313692133	-1.4518609814935806	0.3245884208280304	-0.40598061524634893
1.0936187641843342	1.0741954808151841	0.9983816931909063	1.1659066840087293	1.6976358900450963
1.0936187641843342	1.0788487417317285	1.0254811513440987	0.8854672629484964	1.4580284943723367
0.19176821994016752	0.18170003702194823	0.27663279104421257	-1.0776086844731345	-0.867166816140889
-0.2591570521819159	-0.28362605463250207	-0.1750248448423287	-1.0776086844731345	-0.9882383724578739
-1.4315627596993328	-1.4339121532023025	-1.5038016096205324	0.8854672629484964	-0.14014462047058301
0.3721383287890009	0.3296737341680637	0.27572947577244034	1.1659066840087293	1.2517925624820534
1.454358981882001	1.5879154860016969	1.5760518094897922	-1.6384875265936005	-1.257738656814207
0.6426934920622509	0.6321356937434565	0.6713815648090501	-0.2362904212924356	0.14993425702729782
1.5445440363064178	1.5581346161358127	1.5516622971519194	0.04414899976779741	0.7923920777573805
1.183803818608751	1.176567220979164	1.1429121366745991	0.6050278418882634	1.2448139836902128
0.6426934920622509	0.6042161282441897	0.5151080227923064	1.4463461050689623	1.5902714910480102
-1.4315627596993328	-1.4106458486195799	-1.3841123361105994	-0.5167298423526686	-0.9451811841700402
-1.4315627596993328	-1.419952370452669	-1.4292780996992536	0.04414899976779741	-0.5749593649685266
0.011398111091334146	-0.004430399639831889	0.09596973668959607	-1.0776086844731345	-0.9145025803717243
-1.070822542001666	-1.0569980189621972	-1.1153760427581072	0.6050278418882634	-0.034765937854389355
-0.2591570521819159	-0.30782301139853263	-0.27755112818857275	0.3245884208280304	0.28002725143445084
-0.8904524331528326	-0.8708675823004172	-0.9347129884034908	0.6050278418882634	0.07904132508357652
1.0034337097599177	0.9997433061504724	1.0096731340880698	0.04414899976779741	0.5852347163234451
-0.2591570521819159	-0.2938632286488999	-0.20980248280559152	-0.5167298423526686	-0.45888781392716926
-1.4315627596993328	-1.3948247615033291	-1.3299134198042144	-1.3580481055333675	-1.5606175478176945
0.3721383287890009	0.3203672123349752	0.2124974067483243	1.7267855261291953	1.5303785707106703
-1.702117922972583	-1.68984150361225	-1.6551069176425242	-0.5167298423526686	-1.0600598768099263
-0.6198972698795826	-0.6102849709739253	-0.7811493922020665	1.7267855261291953	0.6086347410133829
1.6347290907308345	1.655853095383247	1.6650283637594407	-0.2362904212924356	0.4852346108108911
1.5445440363064178	1.680980704332587	1.6663833366671006	-1.6384875265936005	-1.2559743692383782
1.3641739274575844	1.4948502676708069	1.485720282312484	-1.6384875265936005	-1.2638529489798318
1.183803818608751	1.205417438661739	1.2702795899946033	-1.0776086844731345	-0.632059425216195
-0.800267378728416	-0.7591893203033502	-0.751791645869441	-0.5167298423526686	-0.6717023241872432
1.2739888730331677	1.3040665700924825	1.380032395515033	-1.3580481055333675	-0.9394026066443504
-0.529712215455166	-0.5870186663912028	-0.5485457097204974	0.3245884208280304	0.14516996628609252
1.0034337097599177	1.0192870019999587	1.089616535639987	-1.0776086844731345	-0.6723094676849979
-1.6119328685481662	-1.5865391112649623	-1.5299977525019526	-1.0776086844731345	-1.4122816770191797
0.19176821994016752	0.18728395012180185	0.29605406938733414	-1.3580481055333675	-1.1477742550737948
-0.9806374875772493	-0.9294986698488789	-0.8782557839176731	-1.3580481055333675	-1.4342317001791853
-0.2591570521819159	-0.28920996773235436	-0.1917361773701309	-0.7971692634129016	-0.7173238008950064
0.10158316551575083	0.04582481825884933	-0.026881140271543095	1.4463461050689623	1.1864567792589582
-0.4395271610307493	-0.498606708976857	-0.48305535251694953	0.6050278418882634	0.39552023043677165
-0.7100823243039993	-0.6940436674717269	-0.8082488503552587	1.1659066840087293	0.4909917597425427
-1.7923029773969994	-1.7922132437762293	-1.7906042084084866	0.04414899976779741	-0.7687309979931385
-0.529712215455166	-0.6102849709739253	-0.6908178650247583	1.7267855261291953	0.7407563089895053
-1.6119328685481662	-1.6200425898640824	-1.684464663975149	0.8854672629484964	-0.3721377223950288
-0.800267378728416	-0.7824556248860727	-0.8714809193793748	0.8854672629484964	0.28873440347872287
-0.16897199775749921	-0.2194110539841868	-0.21206077098502477	0.6050278418882634	0.5469989616942523
0.011398111091334146	0.09887199270745602	0.1307473746528602	-1.6384875265936005	-1.458867440458671
0.10158316551575083	0.08863481869105817	0.18630126386690432	-1.0776086844731345	-0.8915882704799906
0.8230636009110843	0.9364589576854665	0.9437311192486345	-1.6384875265936005	-1.323881583746082
1.0936187641843342	1.1067683072309964	1.1632367302894928	-0.7971692634129016	-0.3336233960433365
-0.07878694333308253	-0.12634583565329674	-0.1217292438077165	0.6050278418882634	0.5948490121820093
-0.8904524331528326	-0.8420173646178424	-0.8073455350834865	-1.0776086844731345	-1.1766671427022437
0.19176821994016752	0.28500242936923614	0.31141042900747673	-1.6384875265936005	-1.4242674039513272
1.0936187641843342	1.102115046314451	1.1451704248540322	-0.5167298423526686	-0.01010162611618604
-0.8904524331528326	-0.8569077995507844	-0.8642543972051903	-0.2362904212924356	-0.4936878506455382
0.28195327436458417	0.2803491684526919	0.38638559656464244	-1.3580481055333675	-1.1274028050079516
-0.3493421066063326	-0.3822751860632444	-0.2820677045474392	-0.7971692634129016	-0.7555738412535581
1.454358981882001	1.4418030932222001	1.3280917673880808	1.4463461050689623	2.1167006179248125
0.8230636009110843	0.8136128694886923	0.8290100797334534	0.04414899976779741	0.5113489240790269
0.5525084376378342	0.5111509099132996	0.4247764956149982	1.4463461050689623	1.5317000006763715
1.454358981882001	1.4650693978049227	1.4613307699746112	0.04414899976779741	0.759777757630929
-0.7100823243039993	-0.6800838847220928	-0.729208764075114	0.3245884208280304	0.03303413368312198
1.0936187641843342	1.2156546126781367	1.2147257007805592	-1.6384875265936005	-1.2951744105992995
-0.3493421066063326	-0.41950127339560095	-0.4785387761580844	1.4463461050689623	0.8793135980418281
-1.341377705274916	-1.3315404130383233	-1.3615294543162724	0.3245884208280304	-0.35434484647847375
-0.16897199775749921	-0.21010453215109834	-0.1646367192169374	0.04414899976779741	0.08718419081817026
-0.6198972698795826	-0.5777121445581143	-0.5932598156732655	-0.2362904212924356	-0.36168056850428754
-0.529712215455166	-0.5963251882242926	-0.60048633784745	0.8854672629484964	0.4760988868858514
1.5445440363064178	1.577678311985299	1.6316056987038363	-1.0776086844731345	-0.565716498073295
0.5525084376378342	0.5344172144960221	0.5580154982015286	0.04414899976779741	0.4001130924256692
-0.529712215455166	-0.4595193172778843	-0.4112417884109893	-1.6384875265936005	-1.5666675542012038
1.5445440363064178	1.5395215724696345	1.4500393290774476	1.1659066840087293	1.9543861609485784
-0.7100823243039993	-0.6558869279560623	-0.6266824807288699	-1.0776086844731345	-1.1209527982023921
0.3721383287890009	0.3575932996673305	0.42251820743556623	-0.5167298423526686	-0.23649472213192868
0.9132486553355009	0.9206378705692164	0.9825736759348763	-0.7971692634129016	-0.380744874333788
1.5445440363064178	1.530215050636546	1.3868072600533317	1.7267855261291953	2.4190937941300965
1.183803818608751	1.16260743822953	1.057097185856156	1.4463461050689623	1.9520575870630716
0.5525084376378342	0.6572633026927963	0.6727365377167097	-1.6384875265936005	-1.3649887699764212
-1.341377705274916	-1.3455001957879573	-1.4405695405964172	1.1659066840087293	-0.08063027196125433
-0.4395271610307493	-0.4939534480603127	-0.45821418254318924	0.3245884208280304	0.19054858559475377
-0.2591570521819159	-0.3264360550647109	-0.38820724898077613	1.4463461050689623	0.9391565183264126
0.28195327436458417	0.2747652553528383	0.3669643182215208	-1.0776086844731345	-0.8442667919785141
0.3721383287890009	0.3250204732515195	0.24411344126038168	1.4463461050689623	1.3965070008880782
-0.6198972698795826	-0.5870186663912028	-0.6388772368978057	0.3245884208280304	0.0928627682383473
0.5525084376378342	0.5390704754125664	0.5810500376317418	-0.2362904212924356	0.11493422009790392
0.8230636009110843	0.8229193913217807	0.8741758433221075	-0.5167298423526686	-0.09325171384987459
0.10158316551575083	0.08305090559120587	0.1695899313391021	-0.7971692634129016	-0.6116736894209929
-1.341377705274916	-1.3175806302886899	-1.2937808089332912	-0.5167298423526686	-0.9080882878895619
0.10158316551575083	0.05047807917539356	0.004734894240515565	1.1659066840087293	1.0754852335987413
0.3721383287890009	0.3529400387507862	0.4003869832771253	-0.2362904212924356	0.047077005642956575
-0.4395271610307493	-0.46417257819442853	-0.3362666208538236	-1.3580481055333675	-1.2947886959066082
-0.8904524331528326	-0.8476012777176947	-0.8240568676112887	-0.7971692634129016	-0.9475097580555466
1.454358981882001	1.469722658721467	1.4843653094048244	-0.2362904212924356	0.4290345515128362
-1.070822542001666	-1.0383849752960204	-1.0227862274013657	-0.5167298423526686	-0.7938381673414691
1.454358981882001	1.437149832305656	1.2964757328760232	1.7267855261291953	2.3044793874833505
-0.529712215455166	-0.5684056227250245	-0.46273075890205567	-0.7971692634129016	-0.815609618884488
-1.2511926508504994	-1.2198621510412548	-1.185382976320521	-0.7971692634129016	-1.0779670385613527
-0.07878694333308253	-0.14495887931947501	-0.23916022913821697	1.7267855261291953	1.1785353423294278
1.2739888730331677	1.288245482976231	1.3258334792086488	-0.5167298423526686	0.04199128599117533
-1.5217478141237495	-1.50371106695047	-1.4744438632879078	-0.5167298423526686	-0.981359793771546
0.8230636009110843	0.7996530867390582	0.7544865698121738	0.8854672629484964	1.3134783418539402
0.7328785464866676	0.8433937393545765	0.8533995920713262	-1.6384875265936005	-1.3373030264788026
1.5445440363064178	1.5348683115530901	1.418423294565389	1.4463461050689623	2.1750435366267085
0.19176821994016752	0.14819655842282786	0.12216587957101603	0.8854672629484964	0.96054225517674
0.9132486553355009	0.9020248269030381	0.8967587251164345	0.3245884208280304	0.8403421283506503
-0.7100823243039993	-0.6614708410559146	-0.6433938132566722	-0.7971692634129016	-0.8791168287496391
0.46232338321341754	0.41808569158240955	0.3344449684376899	1.4463461050689623	1.464849930141229
-0.07878694333308253	-0.1403056184029308	-0.2075441946261596	1.4463461050689623	1.0605209320952558
-0.7100823243039993	-0.6986969283882711	-0.8398648848673174	1.4463461050689623	0.5960918706362373
-0.9806374875772493	-0.9639328006313073	-1.025044515580799	0.6050278418882634	0.020976978104180005
-1.702117922972583	-1.6796043295958523	-1.6203292796792608	-1.0776086844731345	-1.4419888512210877
1.2739888730331677	1.2556726565604202	1.1474287130334642	1.4463461050689623	2.009671933567662
-1.702117922972583	-1.6991480254453393	-1.7002726812311784	0.04414899976779741	-0.7176166583468645
0.5525084376378342	0.520457431746388	0.48349198828024903	0.8854672629484964	1.163528183637866
1.183803818608751	1.1905270037287967	1.2133707278728996	-0.2362904212924356	0.34121303027877486
-1.702117922972583	-1.6851882426957059	-1.6370406122070622	-0.7971692634129016	-1.2483529326253857
0.10158316551575083	0.19193721103834607	0.22107890183016848	-1.6384875265936005	-1.44101742162468
-1.7923029773969994	-1.8015197656093185	-1.8380282601765734	0.6050278418882634	-0.5732165059867367
1.3641739274575844	1.3626976576409442	1.3235751910292155	0.6050278418882634	1.3281640716349268
0.28195327436458417	0.25522155950335196	0.28702091666960383	0.04414899976779741	0.2837915411205309
0.3721383287890009	0.36224656058387605	0.44058451287102685	-0.7971692634129016	-0.5316878907403086
-1.5217478141237495	-1.5223241106166483	-1.5670336786446486	0.6050278418882634	-0.31879480896876083
-0.3493421066063326	-0.4148480124790567	-0.4469227416460257	1.1659066840087293	0.7363563043469531
0.3721383287890009	0.33432699508460795	0.30282893392563254	0.8854672629484964	1.0631209348385817
1.6347290907308345	1.623280268967436	1.4771387872306398	1.7267855261291953	2.4234866559079693
0.7328785464866676	0.7252009120743464	0.7617130919863583	-0.2362904212924356	0.19942002352665325
0.7328785464866676	0.7298541729908907	0.7838443161447992	-0.5167298423526686	-0.12157317230396583
-1.5217478141237495	-1.493473892934072	-1.4396662253246442	-1.0776086844731345	-1.3809745011290708
1.5445440363064178	1.5627878770523569	1.5746968365821326	-0.2362904212924356	0.4579845820587204
0.46232338321341754	0.42273895249895377	0.3660610029497486	1.1659066840087293	1.3146426287966935
-1.882488031821416	-1.8713186793574859	-1.8177036665616788	-0.7971692634129016	-1.31746014839924
0.46232338321341754	0.4460052570816763	0.49071851045443354	-0.2362904212924356	0.08089132703555854
1.0034337097599177	0.9811302624842941	0.9080501660135981	1.1659066840087293	1.6448072628757497
1.3641739274575844	1.376657440390577	1.3940337822275162	-0.2362904212924356	0.39919166288201785
-0.2591570521819159	-0.27804214153264845	-0.1556035664992071	-1.3580481055333675	-1.2504243633824315
-1.6119328685481662	-1.601429546197905	-1.5869066146236563	-0.2362904212924356	-0.8397310729070518
-0.800267378728416	-0.7638425812198945	-0.773922870027882	-0.2362904212924356	-0.4509878055916775
1.5445440363064178	1.5720943988854468	1.6148943661760342	-0.7971692634129016	-0.221544706357802
-1.7923029773969994	-1.78290672194314	-1.7454384448198326	-0.5167298423526686	-1.1006813482420614
-0.800267378728416	-0.7778023639695272	-0.8443814612261825	0.6050278418882634	0.13918424568469814
0.19176821994016752	0.16680960208900614	0.2197239289225088	-0.2362904212924356	-0.021715924085001073
0.46232338321341754	0.4134324306658653	0.30282893392563254	1.7267855261291953	1.5931500655138358
1.183803818608751	1.1998335255618866	1.2535682574668012	-0.7971692634129016	-0.3114376583489085
1.0034337097599177	1.1225893943472467	1.124394173603251	-1.6384875265936005	-1.304381563171134
0.7328785464866676	0.7400913470072885	0.818621954108062	-1.0776086844731345	-0.7332881034536176
-0.800267378728416	-0.7917621467191612	-0.9301964120446257	1.4463461050689623	0.5029489152159722
1.2739888730331677	1.2835922220596867	1.3037022550502078	-0.2362904212924356	0.3689130595057528
1.6347290907308345	1.6372400517170687	1.567470314407948	0.8854672629484964	1.7351930725297395
-0.800267378728416	-0.7545360593868047	-0.7337253404339804	-0.7971692634129016	-0.9136168651514704
-1.7923029773969994	-1.787559982859685	-1.7675696689782727	-0.2362904212924356	-0.9279311659691245
-0.8904524331528326	-0.8755208432169628	-0.961812446556683	0.8854672629484964	0.2310843426507355
-0.6198972698795826	-0.5823654054746585	-0.6162943551034786	0.04414899976779741	-0.12539460490748122
1.2739888730331677	1.4017850493399169	1.3953887551351758	-1.6384875265936005	-1.2763101049808243
-0.7100823243039993	-0.7033501893048154	-0.8714809193793748	1.7267855261291953	0.5162275006551036
1.5445440363064178	1.5832622250851527	1.6510269770469579	-1.3580481055333675	-0.912709721337178
0.011398111091334146	-0.02397409548931822	0.016026335137679096	0.04414899976779741	0.1672342752809695
-0.8904524331528326	-0.8522545386342403	-0.8421231730467493	-0.5167298423526686	-0.7161237996288555
1.6347290907308345	1.670743530316189	1.7219372258811447	-1.0776086844731345	-0.5553807728821045
-1.1610075964260826	-1.1593697591261771	-1.2599064862418006	1.1659066840087293	0.16254855605123877
0.46232338321341754	0.5641980843619063	0.5824050105394015	-1.6384875265936005	-1.3785887843261284
-0.6198972698795826	-0.605631710057381	-0.7495333576900091	1.4463461050689623	0.666463373458357
0.8230636009110843	0.8275726522383263	0.8922421487575681	-0.7971692634129016	-0.40611632967525885
-0.9806374875772493	-0.959279539714763	-1.0002033456070387	0.3245884208280304	-0.14107319287891398
-1.1610075964260826	-1.1500632372930875	-1.2057075699354156	0.6050278418882634	-0.08923742390001357
-1.341377705274916	-1.326887152121779	-1.3389465725219454	0.04414899976779741	-0.5282307442354462
-0.16897199775749921	-0.0872584439543241	-0.04991567970175629	-1.6384875265936005	-1.4939531917642184
-0.3493421066063326	-0.42415453431214517	-0.5101548106701417	1.7267855261291953	0.9178350672582
-0.4395271610307493	-0.512566491726491	-0.5688703033353926	1.4463461050689623	0.8196706779682691
-0.7100823243039993	-0.6754306238055486	-0.7066258822807869	0.04414899976779741	-0.1783018035883019
0.19176821994016752	0.1388900365897394	0.06345038690576515	1.4463461050689623	1.2597425708703016
0.011398111091334146	-0.042587139155496494	-0.08559663293679269	1.1659066840087293	1.0105208793389786
-0.6198972698795826	-0.5628217096251722	-0.5363509535515617	-1.0776086844731345	-1.093438483457081
0.8230636009110843	0.7856933039894255	0.6641550426348656	1.7267855261291953	1.8448217596302163
-0.4395271610307493	-0.5079132308099468	-0.5372542688233339	1.1659066840087293	0.6702419488737956
0.011398111091334146	-0.028627356405862458	-0.006556546656647967	0.3245884208280304	0.41577739466774305
-0.16897199775749921	-0.19614474940146429	-0.10140465019282266	-0.7971692634129016	-0.6964023502488439
